name: DeepVirFinder
channels:
  - hcc
  - biocore
  - bioconda
  - r
  - defaults
  - ursky
  - conda-forge
dependencies:
  - binutils_impl_linux-64=2.28.1=had2808c_3
  - binutils_linux-64=7.2.0=had2808c_27
  - blas=1.0=mkl
  - ca-certificates=2018.03.07=0
  - certifi=2018.4.16=py36_0
  - gcc_impl_linux-64=7.2.0=habb00fd_3
  - gcc_linux-64=7.2.0=h550dcbe_27
  - gxx_impl_linux-64=7.2.0=hdf63c60_3
  - gxx_linux-64=7.2.0=h550dcbe_27
  - h5py=2.8.0=py36h8d01980_0
  - hdf5=1.10.2=hba1933b_1
  - intel-openmp=2018.0.3=0
  - keras=2.2.2=0
  - keras-applications=1.0.4=py36_0
  - keras-base=2.2.2=py36_0
  - keras-preprocessing=1.0.2=py36_0
  - libedit=3.1.20170329=h6b74fdf_2
  - libffi=3.2.1=hd88cf55_4
  - libgcc=7.2.0=h69d50b8_2
  - libgcc-ng=7.2.0=hdf63c60_3
  - libgfortran-ng=7.2.0=hdf63c60_3
  - libgpuarray=0.7.6=h14c3975_0
  - libprotobuf=3.5.2=h6f1eeef_0
  - libstdcxx-ng=7.2.0=hdf63c60_3
  - mako=1.0.7=py36_0
  - markupsafe=1.0=py36h14c3975_1
  - mkl=2018.0.3=1
  - mkl-service=1.1.2=py36h651fb7a_4
  - mkl_fft=1.0.4=py36h4414c95_1
  - mkl_random=1.0.1=py36h4414c95_1
  - ncurses=6.1=hf484d3e_0
  - numpy=1.15.0=py36h1b885b7_0
  - numpy-base=1.15.0=py36h3dfced4_0
  - openssl=1.0.2o=h14c3975_1
  - pip=10.0.1=py36_0
  - protobuf=3.5.2=py36hf484d3e_1
  - pygpu=0.7.6=py36h035aef0_0
  - python=3.6.6=hc3d631a_0
  - pyyaml=3.13=py36h14c3975_0
  - readline=7.0=ha6073c6_4
  - scipy=1.1.0=py36hc49cb51_0
  - setuptools=39.2.0=py36_0
  - six=1.11.0=py36_1
  - sqlite=3.24.0=h84994c4_0
  - theano=1.0.2=py36h6bb024c_0
  - tk=8.6.7=hc745277_3
  - wheel=0.31.1=py36_0
  - xz=5.2.4=h14c3975_4
  - yaml=0.1.7=had09818_2
  - zlib=1.2.11=ha838bed_2
  - tensorflow=1.4.0=py36_0
  - pip:
    - bleach==1.5.0
    - enum34==1.1.6
    - html5lib==0.9999999
    - markdown==2.6.9
    - tensorflow-tensorboard==0.4.0rc3
    - werkzeug==0.12.2
prefix: /home/shengwei/anaconda3/envs/DeepVirFinder

