name: metaquast
channels:
  - hcc
  - biocore
  - bioconda
  - r
  - defaults
  - ursky
  - conda-forge
dependencies:
  - blast=2.7.1=h4422958_6
  - circos=0.69.6=2
  - glimmerhmm=3.0.4=h2d50403_2
  - perl-archive-tar=2.18=pl526_3
  - perl-autoloader=5.74=pl526_1
  - perl-carp=1.38=pl526_1
  - perl-clone=0.39=pl526h470a237_0
  - perl-compress-raw-bzip2=2.074=pl526hfc679d8_0
  - perl-compress-raw-zlib=2.081=pl526h2d50403_0
  - perl-config-general=2.61=pl526_1
  - perl-data-dumper=2.161=pl526_2
  - perl-digest-perl-md5=1.9=pl526_1
  - perl-dynaloader=1.25=pl526_1
  - perl-encode=2.88=pl526_1
  - perl-exporter=5.72=pl526_1
  - perl-exporter-tiny=1.000000=pl526_0
  - perl-extutils-makemaker=7.34=pl526_2
  - perl-font-ttf=1.06=pl526_0
  - perl-gd=2.68=pl526he941832_0
  - perl-io-compress=2.069=pl526hfc679d8_5
  - perl-io-string=1.08=pl526_3
  - perl-io-zlib=1.10=pl526_2
  - perl-list-moreutils=0.428=pl526_1
  - perl-list-moreutils-xs=0.428=pl526_0
  - perl-math-bezier=0.01=pl526_1
  - perl-math-round=0.07=pl526_1
  - perl-math-vecstat=0.08=pl526_1
  - perl-module-implementation=0.09=pl526_2
  - perl-module-runtime=0.016=pl526_0
  - perl-number-format=1.75=pl526_3
  - perl-params-validate=1.26=pl526_1
  - perl-parent=0.236=pl526_1
  - perl-pathtools=3.73=h470a237_2
  - perl-readonly=1.04=pl526_2
  - perl-regexp-common=2017060201=pl526_0
  - perl-scalar-list-utils=1.45=pl526h470a237_3
  - perl-set-intspan=1.19=pl526_1
  - perl-statistics-basic=1.6611=pl526_2
  - perl-svg=2.64=pl526_2
  - perl-test-more=1.001002=pl526_1
  - perl-text-format=0.59=pl526_1
  - perl-time-hires=1.9758=pl526_0
  - perl-try-tiny=0.24=pl526_3
  - perl-xml-parser=2.44=pl526h3a4f0e9_6
  - perl-xsloader=0.24=pl526_0
  - quast=5.0.1=py36pl526ha92aebf_0
  - simplejson=3.8.1=py36_0
  - gnutls=3.5.19=h2a4e5f8_1
  - nettle=3.3=0
  - blas=1.0=mkl
  - boost=1.67.0=py36_4
  - bzip2=1.0.6=h14c3975_5
  - ca-certificates=2018.03.07=0
  - certifi=2018.10.15=py36_0
  - cycler=0.10.0=py36_0
  - dbus=1.13.2=h714fa37_1
  - expat=2.2.6=he6710b0_0
  - fontconfig=2.13.0=h9420a91_0
  - freetype=2.9.1=h8a8886c_1
  - giflib=5.1.4=h14c3975_1
  - glib=2.56.2=hd408876_0
  - gmp=6.1.2=h6c8ec71_1
  - gst-plugins-base=1.14.0=hbbd80ab_1
  - gstreamer=1.14.0=hb453b48_1
  - icu=58.2=h9c2bf20_1
  - intel-openmp=2019.0=118
  - joblib=0.12.5=py36_0
  - jpeg=9b=h024ee3a_2
  - kiwisolver=1.0.1=py36hf484d3e_0
  - libboost=1.67.0=h46d08c1_4
  - libedit=3.1.20170329=h6b74fdf_2
  - libffi=3.2.1=hd88cf55_4
  - libgcc-ng=8.2.0=hdf63c60_1
  - libgd=2.2.5=hceca4fd_3
  - libgfortran-ng=7.3.0=hdf63c60_0
  - libpng=1.6.35=hbc83047_0
  - libstdcxx-ng=8.2.0=hdf63c60_1
  - libtiff=4.0.9=he85c1e1_2
  - libuuid=1.0.3=h1bed415_2
  - libwebp=1.0.0=h222930b_1
  - libxcb=1.13=h1bed415_1
  - libxml2=2.9.8=h26e45fe_1
  - matplotlib=3.0.1=py36h5429711_0
  - mkl=2019.0=118
  - mkl_fft=1.0.6=py36h7dd41cf_0
  - mkl_random=1.0.1=py36h4414c95_1
  - ncurses=6.1=hf484d3e_0
  - numpy=1.15.3=py36h1d66e8a_0
  - numpy-base=1.15.3=py36h81de0dd_0
  - openjdk=8.0.152=h46b5887_1
  - openssl=1.0.2p=h14c3975_0
  - pcre=8.42=h439df22_0
  - perl=5.26.2=h14c3975_0
  - pip=10.0.1=py36_0
  - py-boost=1.67.0=py36h04863e7_4
  - pyparsing=2.2.2=py36_0
  - pyqt=5.9.2=py36h05f1152_2
  - python=3.6.6=h6e4f718_2
  - python-dateutil=2.7.3=py36_0
  - pytz=2018.5=py36_0
  - qt=5.9.6=h8703b6f_2
  - readline=7.0=h7b6447c_5
  - setuptools=40.4.3=py36_0
  - sip=4.19.8=py36hf484d3e_0
  - six=1.11.0=py36_1
  - sqlite=3.25.2=h7b6447c_0
  - tk=8.6.8=hbc83047_0
  - tornado=5.1.1=py36h7b6447c_0
  - wheel=0.32.2=py36_0
  - xz=5.2.4=h14c3975_4
  - zlib=1.2.11=ha838bed_2
prefix: /home/shengwei/anaconda3/envs/metaquast

